-3.891105882872506694e+00 2.537184952240372771e-01 -7.277190283154139294e+00
-2.098812088108512697e+01 7.536441935790803903e+00 -4.588698388793087446e+00
-9.874555409804841588e+00 2.625819886477991361e+00 -6.712974222005999358e+00
1.944651931636806808e+01 1.107056999953566923e+01 5.133391804928696400e-01
-1.501755685718105049e+01 -1.325999843843389314e+01 -9.222940189851129844e+00
1.116498222194786649e+01 -1.519645424817650436e+01 -7.111474087149087353e+00
-7.370034856468826057e+00 -3.943151871364811001e+01 -5.388589378271401387e+00
-1.142159223456371109e+01 -4.416754950571858629e+00 -7.001649382207145500e+00
1.515710217092101253e+01 3.681233135073354923e+00 1.571120327447097154e+01
1.580751494417132363e+01 1.504435372173014684e+01 -6.468226950694759836e+00
5.836804939932321190e+00 -2.377463750384119223e-01 -8.811654568840335600e+00
-2.328501945396637751e+01 -1.068267630094833898e+01 -3.369077466617324657e+00
-1.609649872855438701e+01 5.283896387870758993e+00 -8.491803067200368815e+00
2.143988666735356574e+01 -7.570333929753336744e-01 1.178742976104830253e+00
-2.394854407658952766e+01 -3.417788876380591478e+00 -9.932907187947067840e+00
-1.302965071429083999e+01 4.628422944688553642e+00 6.588725009393072263e+00
-1.337489461286830661e+01 -1.571553395867612890e+00 1.400722305147894531e+00
-2.888041542865944500e+00 -5.406175231812787807e+00 7.237468739306920362e+00
-3.835276131813710521e+00 -2.858361977665267339e+00 -9.225691588532253462e+00
2.119971820793576267e+00 -1.501115443868600607e+01 9.468821046789038576e+00
7.868067822982606430e+00 2.297118314703000319e+00 -7.855797522710816772e-01
1.069650903343382708e+01 6.396299831121093682e+00 7.482340020831435901e+00
-2.655748958104231949e+00 3.079019723542634424e+00 -5.310100668583919159e+00
-1.640951262165827984e+01 -2.598823887978679359e+00 -7.463061547539105334e+00
1.637552688243793853e+01 6.007279724234972029e+00 1.256686683526623582e+01
1.503383984054535283e+01 -9.758866566155775857e+00 1.400107176748794036e+00
-1.250026744762329001e+00 -1.965348290279494847e+01 -6.335136327677560075e+00
-1.259365330168514818e+00 -1.279189222847152685e+01 -2.809366360240405669e+01
9.921024463014845196e+00 8.700060091784239447e+00 1.653393631310700496e+00
1.821824138756237721e+00 3.424120846246085392e+01 -4.573052256234960922e+00
5.429634470880866814e+00 -1.234456728140380832e+01 5.336514220025719624e+00
-1.303006327150162136e+01 1.129932052596964809e+01 -1.314090884345037402e+01
-1.641033739105027678e+01 -8.254718786155686994e-01 1.313608110968150333e+00
-1.204487819192467235e+01 5.939257083735827614e+00 4.998654227022687468e-01
-2.362965379650843190e+00 -1.557374288547091901e+01 -1.406529154122041092e+01
-2.207757108779263433e+01 2.327419064898891676e+01 -1.306445866693165136e+01
-1.932768423771189958e+01 1.219638410171314824e+01 -3.408801854438966217e+00
6.775446178553203858e-01 3.104647426402780130e+00 -1.584768576742184409e+00
-7.741041219221755920e-01 -2.112494233028597179e+01 -1.926627552761064166e+01
-1.177806613958923609e+00 8.106077590336717709e-01 -9.981064279284403540e+00
1.034011640928815901e+01 -9.517275453461129686e+00 -1.605617007154052533e+00
1.093046033931721839e+00 -5.962370317982249368e+00 -1.104951504012297292e+01
6.609356952727619472e+00 1.038080548497729971e+01 -1.815048518977630110e+01
-1.208847314191196709e+01 -4.856834787970693235e+00 -1.118698546833183372e+00
9.027551187795525678e+00 -8.807047222486154681e+00 2.343189921534706066e+00
-1.563476064408120969e+01 3.104841212556583407e+00 3.934183464229365157e+00
3.653410398475748888e+00 -1.120833481379351326e+01 1.189753098812717447e+01
8.916167898184630403e+00 -3.152360790408411440e+00 1.302263101188285432e+01
4.159847652198549461e+00 -1.186762190527133676e+01 1.155332797811005285e+00
1.516082958423857185e+01 -8.984923150680039328e+00 1.504919769048795253e+01
-1.104999366898227864e+00 1.545588218509843514e+00 -1.646037222560525137e+01
2.321494272528711278e+01 8.110594462248844394e+00 -1.095345506229647903e+01
-1.731596162720841292e+01 -1.132536432969514806e+01 1.980776739631573413e-01
-1.467921104280005196e+01 -9.769896528418875903e+00 -3.479444891110585747e+00
-1.963437505935389993e+01 -6.372061678016208930e+00 -4.026231998035702198e+00
-1.979119068387267788e+01 -4.903335776480466812e+00 -9.783952710390073193e+00
1.950218657936337641e+00 -1.140540221879352600e+01 1.543227002505680368e+01
-9.654314660308271456e+00 1.603995407741371615e+00 -1.760774401820660273e+01
1.321863800740319128e+01 -1.831692032677776361e+00 -2.496739551736080998e+01
-3.907101130356648966e+00 5.278758363139149701e+00 -2.010658590420466396e+01
-5.456160973654070601e-01 -2.500849470781452588e+00 -1.685094198589253622e+01
-1.928683953482819646e+01 2.315150089328468663e+00 -2.449269802512625827e+00
-4.239072573487241868e+00 1.846902580810207439e+01 -1.143791994160863190e+01
-1.482619122493990194e+00 2.530847839160226798e+01 -2.421478165803999971e+01
-7.959194956667761112e-01 -5.914746272316902420e+00 -1.923055445312033651e+00
-2.347056746405984828e+00 9.844933981688829050e+00 -7.962842838540774792e+00
-8.909814578675645080e+00 -6.538166315938198636e+00 -9.861598991928625324e+00
2.233814353727718682e+01 -5.120116677994033694e+00 1.123100384232202309e+01
4.338851044311422100e+00 -1.627544526970648420e+01 -1.628744250741890909e+01
1.205546235285131651e+01 2.817319431867293389e-01 -1.570739021043597861e+00
-2.040565070234401546e+01 -7.211667077971085860e+00 1.501349491993918761e+01
-5.301897959998191467e+00 4.708698272642300786e+00 -1.598088628110870779e+01
2.309673377688224960e+01 -3.807391266040295097e+00 -9.941188724658562847e+00
-3.167925791840910676e+01 -2.153740842047889004e+01 7.638999437173240814e+00
1.109872394237121185e+01 -1.779682469986386195e+01 4.996496939587198760e+00
-2.021213133880564428e+01 -1.839548714156990616e+00 -5.648842525994477448e+00
-1.450870359901679052e+01 2.550237724698806829e+00 -1.076702133320317145e+01
-1.860891502050188251e+01 -3.276684292679063137e+00 4.941425096967888009e-01
-3.805733610483745366e+00 4.546289427366533076e+00 1.468733940649135539e+00
-6.650942470274144647e+00 1.248213456020962786e+00 -6.807332965318900753e-01
-5.820448139628920714e+00 -1.335443875264093805e+00 -4.657834436807708478e+00
4.613440756133014631e+00 -1.605787550477348091e+01 -8.612395461347254866e+00
5.918429243498441572e+00 -7.824942640699629415e+00 8.928143374142109678e+00
8.915427261046289686e+00 -3.226824589173725943e+00 -1.492830575578020813e+01
1.622273030803022209e+01 -1.940798341020458118e+00 -1.424522892028090126e+00
3.919937282367987663e+00 -4.635375791806327861e+00 -2.854126091266079612e+01
-1.336922887287878048e+01 -9.779388063114771157e+00 -1.277231099721669416e+01
1.174366257328045293e+01 -2.642707907207784146e+01 -7.078845304989115128e+00
1.817421683446254432e+00 -1.540801506131479703e+00 -1.428788544977776631e+01
-2.153001796955033598e+01 9.726477284979370808e+00 1.930055511682556180e+00
-2.270905881023224937e-01 -1.526310178496334480e+01 4.489498868682249011e+00
1.753702559815613071e+01 8.694525961271251546e+00 -2.127792355204228869e+01
-9.764135895800654552e+00 -2.188331182344408887e+01 5.462077336772226399e-01
4.408705999645455620e+00 -1.067674322151512989e+01 -6.024350741333451609e+00
8.616334127026082923e-01 -2.119448928881633520e+01 5.618209715313164487e+00
1.442348677148189573e+01 8.048984706005692047e+00 -1.255568714129903185e+01
-1.691341446284894801e+01 -3.645576985933463021e-01 -1.340733461368738766e+01
3.465825401307029985e-01 -4.859378121177168275e+00 -1.599640786111658031e+01
-5.983317851441116275e+00 4.448070969813225362e-01 4.100699547024635017e+00
7.614233254612164936e-01 1.797931559911688737e+01 -2.063972720592506604e+01
-2.284042852648783750e+01 1.004362250069428253e-01 -1.668973917199592982e+00
-1.447942973171747028e+01 -4.357227885466127937e+00 -1.436023271208863417e+00
5.991497571641132502e+00 1.958349376228393979e+01 -2.389873425277533769e+01
-6.030750772660844472e-01 -4.853493704614285420e+00 4.477623790647290214e+00
-1.601059003782580348e+01 8.573929358841963833e+00 -9.708143663570680815e+00
-1.855906522949588222e+01 2.353909777726707286e+00 -9.907034411273059504e+00
5.451722546336530861e+00 -1.614267655747935848e+01 9.733183104615315884e+00
-2.023872075530627868e+01 -1.246809306068384160e+01 2.125632154239119842e+01
7.669803794541750541e+00 -1.512340765658847275e+01 -1.212478996539617171e+01
-6.591267076917241674e+00 -2.472091335365841136e+00 -8.377750284439297701e+00
1.070861741111190746e+01 -2.420653519065960069e+01 3.282936597466496664e+01
6.055814516122920432e-01 1.963607143479516370e+00 -1.380988131990536338e+01
4.201051282030703504e+01 2.942382207796843119e+01 2.956503483229701601e+01
-9.421969067407707232e-01 -1.123953239902760615e+01 -1.016533303970272328e+01
3.678143326093963328e+00 8.086200933335771168e+00 -8.383543352644890589e+00
-1.228261122107205061e+01 -7.577998574176779023e+00 -5.385593210831666866e+00
-2.308872703941579374e+01 -2.016246571385941166e+01 1.180922605262247416e+01
-1.631847643850004204e+01 1.811631231075188753e+00 -6.962934837366059782e+00
4.732886475554456851e+00 7.887059225896504433e-01 1.277695811654058744e+01
1.738221371244265567e+00 -1.743717614983071940e+01 1.513261998758805849e-01
-1.006364955707632092e+01 -5.863837978100988835e+00 -1.206498227320622618e+01
-1.796472544175304620e+01 -8.943601486140174472e+00 -7.068877468330062364e+00
4.049476093588883607e+00 -1.901458806375089949e+01 -1.661176011175450284e+01
1.597465937475545594e+01 2.494296387410021687e+00 1.226602219422028028e+01
4.223990877052161252e+00 -1.737989909775584252e+01 -1.904703383368528691e+01
2.057053341712232708e+01 4.669906580986896927e+00 1.429973489578917567e+00
-1.452082812576960436e+01 4.087268847773078306e+00 -1.073941417705476464e+00
-5.817697492071662729e-02 2.692546467390404707e+00 1.119311264165665776e+01
4.890239234643434241e-01 -1.456973433177051724e+01 -5.059397651590695766e+00
2.151719665291689676e+00 -2.188706140756309981e+00 -9.559705748418407367e+00
-1.807249760747047418e+01 -1.023696670937369824e+01 -1.314803153209968478e+01
1.072854557243283224e+01 3.190995757271402411e+01 -3.418523010318042399e+00
5.832501745163340967e-01 -1.639444399415858511e+00 -5.343926776348118857e+00
-3.145727775654999725e+00 7.665771197858213259e-01 -1.422942632429033871e+01
-1.584458023773408897e+01 -4.227666444912379085e+00 2.908807360557004174e+00
-1.015634948034334251e+01 -5.215801212333052383e+00 -1.727527024267800471e+01
1.591410704404477805e+01 9.625825795572252375e+00 1.015789301137998812e+01
-1.478269169372278480e+00 -1.838521403889235373e+01 2.945887641913921828e-01
-6.416678594716044515e+00 5.854867895938891564e+00 -5.336613914594371622e+00
-2.951436433805502446e+01 1.121258469674747893e+01 1.787195218966890664e+01
6.941535827576895912e+00 -4.304182327686405962e+00 -5.492440336292930603e+00
3.295108430447756476e+00 8.536171009154360334e+00 -1.323780544559747874e+01
-1.208183584861012072e+01 -1.877426193394739329e+01 4.072131241862281037e+00
-4.989957585388798300e+00 -9.754726875332405456e+00 -1.207740685514025136e+00
9.520165382403121157e+00 -3.189052599013797007e+00 -1.160729060970755633e+01
-8.107580948123949582e+00 -7.591006228569223246e+00 6.298355812244401442e+00
-1.615831743541150090e+01 -7.210968782069595129e+00 7.575543956692434300e-01
-2.575094309961165706e+01 -1.110082070882959959e+00 3.004513033525316512e+00
-5.285644800786898578e+00 9.804955909127034630e+00 -4.919919298548039777e+00
1.076785045367899230e+01 -9.538540066620585511e-01 4.668669484926838642e+00
-5.347379129704263434e+00 -1.905916241137895284e+01 -1.104915164792853677e+00
2.361064364353631095e-01 4.378125944011268977e+00 -9.930934656610522993e+00
-2.275330522696458857e+01 -1.114925732870430686e+01 -6.591113093704614734e-01
-2.589208682864245770e+00 1.701915578145576902e+01 -1.492352300226166051e+01
1.148879432840807802e+01 -2.606016607584785660e+01 6.630539558033563985e+00
7.464526864793796790e+00 2.778871469844175213e-01 1.305126896709478901e+00
-6.109431682639417716e+00 -1.434507111428117732e+01 -1.540572854626337806e-01
9.822381065310887394e+00 7.331835898539065255e+00 1.205961377166192250e+01
6.291809457304990083e+00 8.699438374764675075e+00 1.805169826781711606e+01
1.840694716765736150e+00 1.464767768229264888e+01 9.908462360898893095e+00
7.329982902725847183e+00 1.770287877428444645e+01 8.609816906175874252e+00
1.322931148720814321e+01 -5.506110654358570278e-01 -5.853312064198324727e+00
1.536831103241598662e+01 9.449378781641710745e+00 -6.867387181404306595e+00
2.442938317644780089e+00 1.237326529483691218e+01 1.264643908741371892e+00
3.808857665881663634e-01 9.910550331079853947e+00 2.344637416108036554e+00
-1.156814582917351730e+00 1.261992639942150873e+01 -1.835815987409322281e+00
1.780781442855149876e+01 7.125633721943651189e+00 -9.384151679264887136e+00
1.074250567998923955e+01 -4.804493728452794699e+01 -1.540230535043907167e+01
1.405490050292122284e+01 6.038119626856297550e+00 -8.775270178337255533e-01
-9.094828190230179743e+00 2.624887200550483968e+01 7.009690769009308653e+00
-1.755602848386171999e+01 1.680272601886079187e+01 -1.736608798913368190e+01
4.571080193861812191e+00 9.767260731378851091e+00 1.667417243516556402e+00
4.372965380543108793e+00 1.080406330622630051e+01 5.016005314828215766e+00
1.778149427394754056e+01 7.736670905686495736e+00 -4.833161881416127237e+00
7.748795672430239811e-01 6.340604847923720477e+00 -1.812631002432178917e+01
1.020388535674370978e+01 1.982827734014226451e+01 2.604474689323567294e+00
1.278468319812681209e+01 1.964547705508122633e+01 1.638034487237472359e+00
1.845908451424312346e+01 5.366167491192568306e-01 -2.739168962694846776e+00
-1.376405301573779383e+01 9.203614704265996593e+00 9.936244918511400570e+00
6.856674538047175638e+00 -7.125458918864445046e+00 -1.500243808725650752e+01
-1.023473342632089356e+01 1.188525031576256552e+01 1.864203458070127439e+01
-1.898900755563017739e+01 1.763228964690359746e+01 4.972435460715353805e+00
4.479060799978944907e+00 -5.708224848899592807e+00 -2.039115364746582060e+01
-1.571149107418140112e+01 7.265611498159294968e+00 1.600721646861223491e+01
9.729150198404855843e+00 -6.204364567773265726e+00 -1.835211266352692761e+01
7.769575786432905140e+00 -4.035515112409315819e+00 -2.047284037748140051e+01
6.340197822744374712e+00 -3.835620880607560235e+00 -1.775979054332083251e+01
6.582860265822322532e+00 -7.935170898585073296e+00 -1.954656755691388881e+01
1.825487290287033382e+00 1.309588342360197366e+01 1.454052418536850766e+01
-4.562465433340935905e-01 8.906464518451523205e+00 1.663516049570879929e+01
1.502921079106958402e+01 -9.569010458341224989e+00 -7.517273443055620952e+00
7.405028883513051774e+00 7.993672951278144589e-01 -2.128893862048556684e+01
-1.418774304400878172e+01 1.122371707912784622e+01 1.692554719893756499e+01
-1.395500409982962786e+01 1.106840846860013272e+01 1.370418056461734579e+01
6.858260721638642643e+00 7.549512274937555389e-01 -1.766489882499300279e+01
-1.312998408015560692e+01 1.355896270453590091e+01 1.569808795505568710e+01
9.346120848531802139e+00 -6.561620630692236444e-01 -1.915620488013482614e+01
4.802874647565706923e+00 -2.042673208812337826e-01 -2.002936704717460970e+01
-1.686808720544208384e+01 -2.897295233592668851e+01 1.971814767021713877e+01
1.498816899275717773e+01 -2.050789017095391742e+00 1.265341481909035970e+01
-2.382850396600344212e+01 -5.526538599149045439e+00 -1.504140298024513323e-01
-8.380338327609864635e+00 -2.920010960468002459e+00 -3.244144534082164633e+00
1.241395805709010602e+01 -1.317562173155643990e+01 1.207111994355571705e+00
1.485177999027537155e+01 -2.434201007055963650e+00 -1.702133144357818040e+01
9.403369604154315553e+00 1.663501470375747715e+01 -8.930611674137088229e+00
-4.898654793104889826e+00 -4.367201270667198543e+00 -6.244650384749333982e-01
6.087810082592959304e+00 -2.080362730028093665e+01 5.435797847586714582e+00
-5.168008974660754262e+00 -1.437229998686929555e+01 -1.041365990982868617e+01
7.800863959091571820e-01 -8.906446039129740200e+00 -1.532554894770002463e+01
-1.405627817568437621e+01 -3.058271745953131227e+00 -1.092041801342028684e+01
8.401419046073868024e-01 6.148358501716179703e+00 -5.167325247713581149e+00
-9.228375110730024034e+00 1.184232166789069218e+01 -1.058675168300288227e+01
9.254084994373133810e+00 -1.100144934925357632e+01 -1.629334853850763665e+01
8.468176194302117210e+00 -5.914428845802200740e+00 4.994839308218765872e+00
-7.786986356581022228e+00 1.522213963160908712e+01 -1.978149536062796798e+01
-1.019244321308769763e+01 -2.257779706320319235e+01 -3.985401989385930221e+01
-1.500054640512221660e+01 1.616937955045736430e+01 -6.488107460273332627e+00
-5.248423857566669959e+00 -5.065327765065588572e+00 -5.787750784548154392e+00
-8.731347199010823346e+00 -1.007320998137286239e+01 -1.480031775120561655e+01
-1.148433225968843274e+01 -5.655809935158914392e+00 8.105661311758424858e+00
-4.698066289187272204e+00 -7.001247514321685017e+00 2.206256450911083888e+01
-9.001796971765863020e+00 -9.585652552914561753e+00 2.099005181057531644e+00
4.320619889571779559e+00 -1.440987074065738582e+01 -1.114041421944094523e+01
3.260488674255808128e+00 -3.984083899871750933e+00 3.050954099274002296e+00
-1.148002303753546016e+01 -1.501422321767826595e+01 -1.751903048879470681e-01
-1.301663319093416504e+01 -1.844345292185145269e+01 -5.675829994032915771e+00
-1.300044308824771022e+01 1.521920234435793606e+00 2.004121320247477911e+01
-6.206237482715540210e+00 7.054211144223077490e+00 -2.483765185254811314e+01
-6.827133336776769923e+00 -1.306825187925547915e+01 9.146639849965390923e+00
-2.324794399984356019e+01 1.503085814303202428e+00 -8.470061733272595816e+00
-1.453171191168190823e+01 -6.334838701071220157e+00 -9.353276167346239234e+00
-1.322633129837025656e+01 -1.242079649300232624e+01 -2.026646858099888249e+01
-7.823735422720069721e+00 -1.645532766322228113e+01 -1.014601682223909940e+01
-5.443378745719890333e+00 2.859539140001124413e-01 -1.036397417371969532e+01
-8.518380157654457108e+00 -8.967495742224006250e+00 -2.129388300138272427e+01
-1.556821893448364769e+01 7.730814701665739364e+00 -3.252099433246698368e+00
8.945849633843103277e+00 -8.966700241907222590e+00 8.548751558783550308e+00
1.266689058739166462e+01 2.850742697088728850e+00 1.000485129466968992e+01
-1.142513843931744866e+01 -5.703039154858842608e+00 4.778009345606078817e+00
-3.463468836317186383e+00 -1.594591219584289732e+00 -1.969928449218351929e+01
8.531895084028487730e+00 -1.339922641658191971e+01 6.965646038941258666e+00
-1.144174969088130878e+00 -2.720224359962755134e+00 1.358518481039803882e+00
-2.569430381768636362e+00 -6.305941651015356086e+00 -1.856786277782975958e+01
-3.542733806971352095e+00 7.948170000058990325e+00 -2.504756078860250312e+00
-1.255228472082695923e+01 1.650828402193643640e+01 -8.000462759797350998e+00
5.477949745880939858e+00 2.351301734866942184e+01 4.189134912929377563e+00
-4.647198278766237145e+00 -1.811264550890897951e+01 -9.308475674948475387e+00
-2.240527525243672002e+01 7.986870139231318610e+00 -1.001229766433878332e+01
6.577809528298253383e+00 6.113359951473077203e+00 -2.410223937159672314e+00
-1.261026268103941916e+01 -1.295897681337492635e+01 2.022660620162033407e+00
1.825321206446390576e+01 -1.597410986881054917e+01 1.486930556715436680e+01
-1.492231162070833861e+01 -6.758701455222908550e+00 -1.433447576422200775e+01
-2.419779979273164017e+00 1.371284462134760673e+01 -1.134156121237390025e+01
6.736520155770796769e+00 -2.921911693778640906e+00 1.740512096964793898e+01
1.113224868614730667e+01 3.077319834979535873e+00 1.116406294802035459e+00
-6.409686302404441705e+00 -1.013648183039554773e+01 -8.587588188439298165e+00
-7.295477548034120296e+00 1.527392996717593654e+01 -1.472780978967064769e+01
-7.635829217557370541e+00 -1.567141253117040200e+01 -1.453109406279229887e+01
-1.292597669560905604e+00 -6.018442814633968396e+01 5.187779298851094012e+00
-1.627006276164934562e+01 -1.379318052677826145e+00 -3.659305783182540850e+00
-1.029265340844118448e+01 -9.697763184006785053e+00 1.040284852928656889e+01
-1.476001730028225900e+01 -3.077045579448936863e+00 2.397158238752460946e+01
-1.044368697649826849e+01 1.770468198018501527e+00 2.799931500186783939e+00
6.249753114026615819e+00 5.005341295343165520e+00 -1.979679299505104595e+01
1.432124036670686529e+01 -4.984420757862731755e+00 -2.085878285140258015e+01
-7.121819965801571506e+00 -2.814763014708155375e-01 -1.673588920776624889e+01
-1.134967852921049136e+01 -1.987048255558095805e-02 8.777977761228257236e+00
-3.266756826732126751e+00 -4.835587353213949058e+00 -2.436159654340350400e+01
1.230402879370317315e+01 -3.857465836425241434e+00 1.914674191629081079e+01
-3.992839685621230039e-01 -1.525605693804127405e+01 1.819657102220907419e+01
2.715677253065646557e+00 -6.220372754443910246e+00 -4.358043091943280878e+00
-1.380747128535291068e+01 5.936241453837076687e-02 1.134823604101511307e+01
-3.558211844622089504e-01 -1.199172195310933375e+01 -1.679412162002199338e+01
-9.334254048745627586e+00 6.630198701002484540e+00 -1.054064562977731967e+01
-8.973956508480846139e+00 -1.163806457707936381e+01 -6.529158055823689466e+00
8.258314080840776228e+00 1.648136362541319144e+01 -1.113026953982531708e+01
1.614988570518500666e+01 1.901694641317289580e+01 -1.756160215815551595e+01
-3.277643685693496955e+00 -1.048932902287477731e+01 -5.224667068506873235e+00
-3.894234326314069961e+00 4.790785789828808205e+00 -1.089432175614663834e+01
-2.220099551987001707e+00 1.263187769051705711e+00 6.997612257700990490e+00
-1.355905533326969170e+01 -8.737803566646430653e+00 -8.687981251719261166e+00
4.450508746938711901e+00 -5.667340317895430246e+00 2.210177727209012843e+01
5.945296737650606289e+00 -1.733959053995855593e+00 7.522346668583352880e+00
8.711427323537970224e+00 5.681628250341780983e+00 -9.135641470008712517e+00
1.082067325769247823e+01 -4.996260404603693139e+00 8.256575924578367420e+00
-3.456604516861634835e+00 -1.909665504160560445e+01 8.316377663547410037e+00
1.203877441023783668e+01 -1.530786891672729855e+00 3.773529051103562892e+01
1.164223992869306379e+01 -2.102051231585977575e+01 -3.970786041912018227e+00
3.615341949589308435e+00 -2.079331448991234410e+01 1.177934335289463519e+01
-1.090448768765561915e+01 -1.358187194056688440e+01 -1.588383133016508175e+01
1.733387240399465057e+01 8.924003171866788264e+00 1.252682819588685659e+00
-1.758870216312887180e+01 1.338220874007285666e+01 -1.120667297116017203e+01
-4.127255634256100869e+00 -7.206171905350847062e+00 2.645490803395518231e+00
-1.039640728571650641e+01 -1.053295694515908210e+01 -3.129555411550995370e+00
-1.503456945230370323e+01 -5.535243173113928883e+00 1.975055733123476287e+01
5.638609882386472094e+00 -1.472489420699773355e+01 1.300906395967630758e+01
-3.271252888806059023e+00 -1.097323842214436418e+01 7.032594986903138334e+00
-5.646548680374952944e+00 2.095185577819284362e+01 -2.087196823383147049e+01
1.238807323516193648e+01 -1.246974974641020850e+01 -2.133368701333011686e+01
-3.963737407604904117e+00 -2.166144992657637047e+00 2.831677511492083354e+00
-1.294898702843537208e+01 1.675598097257102381e+01 3.491967015006505193e-01
4.019220961387320301e+01 1.714470145552612834e+01 -7.221150930603595697e+00
-7.162529453211346819e+00 7.210214147261802431e+00 -8.378973742835546190e+00
1.361339605817505749e+01 6.393637008359843499e+00 1.009921899164742420e+01
-2.470719688615582221e+00 -3.689503323152593661e-01 -1.692548927455276742e+00
4.326966737841379640e+00 -8.405100590051917564e+00 9.402971391219856478e-01
-1.292452953818327188e+01 -1.613779034083534514e+00 -5.453099614588129640e+00
1.228545537857159253e+01 -2.046376725683946063e+01 1.665350122185186876e+01
-1.252831796099307482e+01 1.823959201903362626e+01 1.333092607874814561e+01
6.735331505952824926e+00 3.376714975817911579e+00 -1.364863801610230354e+01
1.353278467526405571e+01 1.240475411115749615e+01 -1.311579956945647218e+01
-1.492732917783097246e-01 1.047622992902634032e+01 6.543478458092796046e+00
7.878961140563145449e+00 3.190857267289519328e+01 6.388321526874256584e+00
-5.123580146860989615e+00 -1.304884097285371425e+01 5.176725835489634164e+00
1.049671858556989612e+01 5.307689297603951672e+01 3.501847583450877099e+00
1.760777376324032062e+01 6.230502103308903195e+00 7.156045232292177261e+00
5.594655839789867358e+00 1.389481726264459560e+01 9.815580707687024287e+00
6.049698462255029163e+00 1.314449181929567700e+01 1.323147299967983592e+01
1.869056579335690316e+01 -8.263693803131339166e+00 -6.888361781767494030e+00
-3.566225162296786433e+00 8.327488235311328424e+00 5.105035518416159768e+00
-4.815892822598061507e+00 9.835412766525520212e+00 6.877404854834411552e+00
-3.072155370466552071e+01 5.921285727251523134e+00 4.787425682393033455e+00
1.112951075448326721e+00 -6.898574666214687845e+00 1.021603612596328858e+01
-1.431887287871050596e+01 6.848123188227069669e+00 -1.532276158440160252e+01
1.759025443422994073e+01 1.346532520745002959e+00 1.800891599850496050e+01
-2.632644373126249437e+00 -1.238966896668056172e+01 -2.065577260462985265e+01
-3.373684494093860398e+00 -4.055877335698039765e+00 -1.347039126210167126e+01
-2.114398530070843218e+00 -6.990242662125810469e+00 -3.071740296068922760e+01
-2.215801594068097291e+00 -1.105526597888847640e+01 -2.297104312244912450e+01
1.685451185324016521e+01 6.473618804737395926e+00 1.666429947227415198e+01
-1.087781683844558955e+01 2.037809154925387745e+01 -1.236413906864040158e+01
1.823393611376299006e+01 -1.403743728363394117e-01 1.354253505388355450e+01
-9.126203426110560457e+00 6.251082692549597475e+00 2.255139882923862871e+01
-6.857678342022494711e+00 -2.764029055932425205e+00 8.705719567491049915e+00
2.917277378197636750e+01 1.249913385116508557e+01 3.923026894315267743e+00
-8.084918228194222678e+00 4.171401819878139072e+00 6.212406634283905937e+00
-4.785324390460041766e-01 5.417732574211536090e+00 2.464066970342046048e+01
-1.090270382449487663e+01 1.071953183965343559e+00 -2.178508171185570497e+00
1.165486760242431785e+01 4.767920883216772765e+00 1.687125962364443765e+01
8.313049658098044858e+00 -1.241978325097062452e+01 3.105882418649560162e+00
9.328886458873510534e+00 -1.074596925868215358e+01 1.614378241382399892e+01
1.091976401906776140e+01 -1.250719618020074364e+01 1.453547219873374807e+01
-2.484605325113115715e+00 2.180485948023233433e+01 1.991152254443230163e+01
-8.170887942583039631e+00 9.746143683175763073e+00 -1.919802803207767639e+01
1.053159041194809653e+01 -1.288627184695992867e+01 1.819977405373618140e+01
-3.083716388932872032e+00 -3.665770619323562851e-01 2.224373742741978077e+01
-7.069939486419458241e+00 -7.467454464824500038e-01 2.194111887961876661e+01
-5.500262570334277790e+00 1.028336477058383380e+00 2.410736814698453045e+01
-9.733119910909769246e+00 1.849538645387969993e+01 2.378375630968035637e+01
1.444097614281755426e+01 -5.448253854152826925e+00 3.150958195864532296e+00
1.780530854006874719e+01 -3.991898318121398503e+00 5.867053598639303758e+00
1.755697095162422983e+01 -6.861636382344535434e+00 6.460898284503846511e+00
4.295014887335196541e+00 1.150899678758802480e+01 2.581165759908718016e+01
1.029917626972105360e+01 -9.203162147084379185e+00 -5.650857679919043974e+00
2.392522097516092217e+01 2.917051654164906527e+00 6.299143316748978094e+00
1.680098693479292749e+01 -1.635214015080440930e+01 2.849811831508694659e+00
1.137109321540385132e+01 -1.110539142912244159e+01 3.874006455828812978e+00
3.481649969042520110e-01 -8.412149221221419282e+00 1.324127090316887356e+00
-9.734825794440840951e+00 5.222835731099961798e+00 -1.582839586387031439e+01
-1.083225958478437789e+01 1.372790235437995054e+00 -1.341539904044537046e+01
-7.351698685069406602e-01 -8.271189431707862028e+00 1.585693681057463955e+01
-1.231163999138929910e+01 5.523927307197031844e+00 -3.581225978547823985e+00
3.452133720790322258e+01 -1.300005899220948891e+01 -6.757401870367345076e+00
-5.065599509362652242e+00 -2.415765711149848016e+01 -5.188851046856628457e-01
-9.063974841225084234e+00 -2.222858813396901567e+01 -1.012395935726459761e+01
-1.047253005625937128e+01 -2.045244566657936858e+01 -1.108898814567533364e+01
2.887346677567807607e+00 -2.530288331997467566e+01 -1.321193154781298951e+01
-6.460890799100703852e+00 -1.866874137809427836e+01 2.213198030326635291e+01
6.021038115294341964e+00 -1.995364631760748964e+01 -1.233252234426098909e-01
-7.530166059383949673e+00 -4.362165802513102264e+00 2.804790647068005782e+01
-2.558165276849534564e+01 5.430572648923318368e+00 -1.326787235441907686e+00
-1.115987766693286964e+01 9.088126455269039283e+00 -6.531642530856027307e+00
8.702838845761261766e+00 -1.891014770877745832e+01 1.370342919522956748e+01
-6.773577385074872836e+00 -1.358944667027099662e+01 1.759020545065722985e+01
-1.860606187347507756e+01 -1.404671538839672706e+01 -4.862068483783215989e+00
-2.026064389251898845e+01 -1.382703669598671414e+00 -1.815816170325644663e+01
-1.792830420761928067e+01 -1.488859968467537431e+00 -1.917650851596641459e+01
4.436653618260871568e+00 -1.317464317498561321e+01 1.905269702819434485e+01
3.379453385870631710e+00 -5.141818400648967113e+00 1.426450515842110889e+01
-8.076554583802282750e+00 -1.107704610567627235e+01 1.543727933753198833e+01
-9.154795192413358151e+00 -6.256102349450836542e+00 1.752795041090087480e+01
-8.456291121606176020e+00 9.266496969051635446e+00 -1.392856101836976057e+00
-1.238244994651838571e+00 -2.523334767297415127e+01 1.135247637422776812e+01
2.895001003220286862e+01 -1.377991998405102514e+01 -1.355332540888692705e+01
-1.810688597321027515e+01 -1.906323098980085007e+01 -4.586965939309727069e+00
-1.988040783138210799e+01 -1.663793435289901623e+01 -4.827986055736555038e+00
-1.932441485483077059e+01 -1.718063636009764039e+01 -7.371736337723853616e+00
-1.515374548477704408e+01 -4.594285083294554539e+00 1.561793920117884227e+01
1.007202177849039693e+01 4.372637697290497449e+00 -2.237077591074407223e+01
-1.177885558261099774e+01 1.994475526772797380e+01 5.881221344130808326e+00
-4.656396331617622120e-01 2.160474539330188293e+01 1.068832842352284151e+00
-5.563670964313672584e+00 2.057473563175742015e+01 -1.752674251743415068e+00
1.004011353983899468e+01 5.099088421431357432e+00 -1.659360404157059321e+01
-1.520450389691616877e+01 1.599525657630830366e+01 7.046737171029429980e+00
1.334713239160686982e+01 1.951674033918629148e+00 -1.734137751072903555e+01
-8.022591764979047468e+00 -2.685375266566808250e+00 2.585552218442348504e+00
-9.332788401752001306e+00 2.334424652171119163e+01 2.876356868619099227e+00
-8.388528412954386226e+00 2.121286451292952790e+01 1.160693613670111901e+01
1.649257169824929292e+01 3.201371179643248244e+00 7.895449488702096730e+00
-9.815557692692488345e+00 1.667917370707593960e+01 6.202593329654956023e+00
-1.035255890156555658e+01 1.679176313241061891e+01 1.098803422820233777e+01
1.308871973503439978e+00 7.463530421881729993e+00 1.354939169250943465e+01
8.250981183611594716e+00 -8.101568514009878541e+00 -1.152415184742302579e+01
1.893775053271629538e+00 1.023419096038620957e+01 1.209197358153548763e+01
2.107429326916926726e+01 -2.360433436193889634e+01 5.494305268440468737e+00
9.505994054241908131e+00 7.646789683977010199e+00 -1.323208946216320037e+01
-1.483041820997646099e+01 1.272430081678077762e+01 4.426758134854207327e+00
-6.534502372946676907e+00 1.607936358317035541e+01 1.626227933469404263e+01
2.733361169828874537e+01 4.308494824488868780e+00 -4.020916175769017720e+00
-3.673972464773622271e+00 2.227337264956228324e+01 -4.840407556691651791e+00
1.381693133109507521e+01 -1.151712192328727902e+00 -1.330849657675875441e+01
-1.233675610463261130e+01 1.389474017195013822e+01 9.684807565302850918e+00
-1.419627149724337833e+01 1.502766548687195325e+01 1.140161668853719057e+01
1.962935961390414619e+01 -1.142798805850181232e+01 -7.735688724503575031e+00
8.573269068532377801e+00 1.539394897406012852e+01 1.301591231532186477e+01
6.122566465611548381e+00 9.841652140006404537e+00 1.124133460992274003e+01
-8.073717418171317828e-01 1.674249171669110225e+01 -1.390079405546522207e+00
2.138260904328522827e+01 2.719869730943377473e+00 -6.390067021209000941e+00
-8.882501115030558836e+00 1.349058810688523025e+01 2.586427394872571117e+00
4.124922282345437452e+00 2.214126123419742598e+01 -5.266481459607466498e+00
1.870756988077723193e+01 3.207319067839560223e+00 1.501693933469145570e+01
-7.554571935908027669e-02 1.554443159301415101e+01 -4.298269853329228951e+00
3.928977801636870937e-01 1.801939651210200921e+01 1.348413490428847084e+01
7.999927178286251106e+00 1.304344032880268012e+00 -4.518482341832293692e+00
4.969093238786498112e+00 1.610187235617593871e+01 2.537144647644435924e+00
-1.337579786965883422e+00 2.018704072984129905e+00 -2.901444885033620835e+01
3.187584409522053353e+00 1.628292276754081414e+01 4.219986959333277277e-02
-7.710145322994510941e+00 -3.405802587211603338e+00 -1.511237934903174995e+01
1.258615783234862562e+01 1.966981896935568797e+00 1.376888035572542535e+01
1.303374974651780249e+01 5.209991480825012289e+00 1.283319865754543443e+01
1.822737987046525987e+01 -6.219237536272245848e+00 -3.875877508349965250e+00
2.896023068631870423e+00 1.385207721124268865e+01 1.802267167926733649e+01
6.119338213021940476e+00 1.562132448080924263e+01 1.692872409083206975e+01
1.700738331335121956e+01 2.062935804451266009e+00 -8.245041984874124097e+00
6.714184839907209046e+00 1.438057616713241060e+01 -1.382349356010040831e+00
9.178087964219946215e+00 1.557016158538268158e+01 1.455582840941164191e-01
1.398001522958248621e+01 -5.830253660866901555e+00 -7.975075711640514875e+00
-8.228873725186687693e+00 7.092133021906648516e+00 1.629541975071995807e+01
-1.547156564344897234e+00 -1.178858016226811500e+01 1.706169952432255599e+01
-4.210471450415695926e+00 1.662687519749977838e+01 -1.184374865421483847e+00
6.759321029330731534e+00 2.336985634519862742e+01 -4.576518188314977031e+00
8.843436116836134175e+00 1.283128012262245754e+01 7.735032077749010249e+00
2.187714552104071331e+01 -5.759694916483304894e+00 -1.844569481660364163e+00
1.082104360993206349e+01 1.569164129227876359e+01 6.601561688524858695e+00
-1.757073051943714503e+01 -7.877284090884370649e+00 1.695372981620498010e+01
-5.590775613083410533e+00 -8.759604878102221548e+00 9.750780931723182832e+00
-1.678991837792061048e+01 7.922395002070919290e+00 3.170018706827687271e+00
1.407875932351751125e+01 -5.393476900903746873e+00 -1.339479141510805071e+01
-1.234798947549547166e-01 1.806913301636623359e+01 5.839213309428016530e+00
-7.452555550029038578e+00 1.986656949884957157e+01 6.761025877567715447e+00
5.152754849898103506e-01 1.101131558105955577e+01 1.987141380695759807e+01
1.443154562300697386e+00 6.885910126175899038e+00 1.880375012906634424e+01
6.215288902806492821e+00 -9.471283767010762134e+00 -8.512692784705608418e+00
-1.192642962461738598e+01 5.735461063911801105e+00 1.298716847710083044e+01
-6.615727192391581468e+00 1.520976196715966111e+01 -6.367138299796234691e+00
-8.290109009804410789e+00 9.065030704433290509e+00 4.780052388557573195e+00
-9.335195962826553284e+00 8.984211218488566075e+00 9.474358539414701852e+00
1.406812234512345050e+01 -1.322253432282429308e+01 -1.329944845858072533e+01
1.328325353725067259e+01 -1.637981718004805964e+00 -9.995292934849446809e+00
-3.006635060527565795e+00 2.055429332162193035e+01 9.858367704937622378e+00
-5.156140068764274886e+00 8.912743600231406660e+00 1.295614528656894571e+01
-2.635413908178287468e+00 9.902251908762357502e+00 1.145488474321381389e+01
1.545052297851217915e+01 4.710431546334274522e+00 -5.660343922458559440e+00
2.495806288866933453e+00 6.451113490919521354e+00 2.727507637947970132e+00
-1.523375256387079801e+01 -5.829779908079682826e+00 -5.178161395904403719e+00
1.988225039717519493e+01 2.729793675846078127e+00 1.161114633331226820e+01
-4.013733043871130945e+00 1.200627904032063142e+01 2.282048937857040105e+00
1.283035155151784323e+01 7.472284051311111064e+00 -8.831597250966172652e+00
-1.408239813870552970e+00 1.321937081019535754e+01 2.336619835753360963e+00
1.414490912232164987e+01 3.726468552675574752e+00 -1.428876593370111081e+01
-3.838352766643283953e+00 1.754271236718463101e+01 2.668606810402404772e+00
-7.785131468765380980e+00 1.270777687029134562e+01 1.021944110594996857e+01
-1.649417879628730432e+01 1.725946854309051304e+01 1.640650827061489281e+01
9.987605653380072113e+00 5.367468838894889904e-01 -1.509172722406743894e+01
-4.653465741493920227e+00 6.599410994884863157e+00 9.991680857338428368e+00
-5.401585694889932121e+00 1.535284589587413784e+01 1.188736077500779764e+01
1.450907724912179830e+01 3.700912871452591180e+00 -2.086394274044901564e+01
-5.137584691093821654e+00 2.498669467142763523e+01 -9.710644762416889009e+00
1.362243251997033688e+01 5.559588352806221323e+00 -1.982416618583872392e+01
1.407061652529658780e+01 -1.001276053304749070e+01 9.658358894423001217e+00
1.919746170156992093e+01 -7.675324232398596180e+00 -1.352870327491334557e+01
3.254142927444225730e+00 2.027240644993726448e+01 -1.957022127031333714e+00
1.321416254475847041e-01 2.035864802441324173e+01 -5.991973013297859474e+00
1.741989148931923026e+01 2.256585520227964103e+00 -1.655601791615962171e+01
1.856688460814766017e+01 3.834388158771570243e+00 -1.823590390765914293e+01
1.806717819805464487e+01 5.637633914359277298e+00 -1.520190116805429525e+01
-8.625917765113060298e+00 1.932647071518617210e+01 1.994366197371046701e+00
1.615422682923967912e+01 7.415657851515635279e+00 -1.670379065498831750e+01
-9.473478108042227674e+00 2.021364676923730741e+01 -9.112342756874045047e-02
-7.742380476600585482e+00 1.673812483845163612e+01 3.415783943911566978e-02
-3.973512579766907749e+00 1.658557565730918881e+01 8.110725715629051535e+00
1.863219967908423413e+01 -9.625324048714684722e+00 -2.855618695396636042e+00
2.999189878371158802e+00 9.678210136064095082e+00 1.558071044357515333e+01
7.717416890259189088e+00 1.513491482243385100e+01 5.120261094098375487e+00
2.572627720764809389e+00 1.425517703845033424e+01 -1.643843172295926536e+01
8.168413767471422560e+00 -3.266041162355202143e+00 2.757871558469762618e+01
-2.566999821781064117e+00 9.762138184225941373e+00 -1.507793772710089009e+01
1.636506910843694484e+00 1.329059859929667553e+01 -1.855030649828885458e+01
8.144657883548177324e+00 -5.813938091611856152e+00 2.420302760274096188e-01
5.477139623499601484e+00 1.016613375377437301e+01 -4.239420709647745866e+00
-1.709930673202454798e+01 2.730124593601858329e+00 1.339252809947581824e+01
7.979459752916018278e-02 -1.276082472672891299e+01 -1.341994292802857758e-01
1.404030822828493008e+01 -5.324791281509916097e+00 2.394973692480147420e+01
-5.161785690576511598e+00 -6.069089600702062270e+00 1.401625291891949487e+01
-1.004162138605302879e+01 -6.302129319772682425e-01 1.514724483539515454e+01
-1.756080446674820195e+01 -3.342293375471850236e+00 1.069922003147418721e+01
-1.729868663970843556e+01 -2.718475920785380850e+01 8.957653173183226514e+00
-1.398250281451212906e+01 -2.472073674919782249e+00 8.624939096169022434e+00
-8.070394504291066085e+00 -1.839092299350583559e+01 1.279568754501813466e+01
-2.125697092232271501e+01 -7.839720743472849307e+00 4.513755750371778674e+00
5.155914371241275163e+00 -9.186150711093612031e+00 1.610532743480984408e+01
9.928899821548061055e+00 -6.353378166286415052e+00 1.469947329004909342e+01
-6.072820617673856169e+00 -2.271936725449372219e+01 1.623971990699646284e+01
-4.152564457539249965e+00 -1.569733983271167332e+01 1.323283910624061654e+01
-1.142435163950864663e+01 -1.483357755681603329e+01 1.481658955415369761e+01
6.309227834318505757e+00 -8.557984135431713213e+00 2.144711120904500135e+01
-1.006579206525651671e+01 -1.521014551014646443e+00 -1.039918645031448285e+01
-1.164982237703928902e+01 1.301255092944802527e+01 -3.208041171102058886e+00
2.541203270668940029e+00 2.481011330116429825e+00 -7.358898962601508664e+00
-1.854746343735722292e+01 4.209219806781227646e+00 -1.469152572757396946e+01
-1.262775822961253525e+01 -1.158746442202106230e+01 6.252517979405459947e+00
-4.940365613213867135e+00 2.324189088609763587e+00 1.814685761945642284e+01
-1.738980746466581806e+01 9.820707123746722500e-01 8.869445749272726331e+00
-5.568620810536148991e-01 -5.763063957362731138e+00 1.810846411515145959e+01
-1.888492738981495478e+01 -1.834661572056401369e+01 -1.296191154877416540e+00
-1.484747768013607150e+01 -1.120254469545324483e+01 1.738234439291259292e+01
-1.447376616278693007e+01 -8.963646830416061917e+00 1.624519262716168555e+01
-1.348932495890772243e+00 -6.906003209296365242e+00 -7.326571002590754667e+00
-9.396912202858182184e+00 -1.914454358585300220e+00 -2.253519333453554552e+01
-1.086102843708987997e+01 -5.158824381947479942e+00 1.154088992953825610e+01
1.425407232101628630e+01 1.363441099873809215e+01 9.462924965140475653e-01
6.040381325641095422e-01 -7.393776453303614993e+00 2.216162893650527366e+01
-1.538047790104056389e+01 -9.197014375172487988e+00 6.885445051777327130e+00
-1.453592465094470221e+01 -1.473686285498887472e+01 7.432670096212178557e+00
9.766012913888955094e-01 -2.434076930442489406e+00 9.891223048367983495e+00
7.707906336602278197e-01 -1.008142422297318852e+01 1.947443195630133417e+01
-2.059856932789320805e+00 -9.630786183520060106e+00 2.130643795006382035e+01
-6.816055524989573122e+00 1.652445771163995047e+00 1.159187527324765554e+01
-1.798769022141018326e+01 -1.609499836345797519e+01 1.140115646586731124e+01
6.211356586850319772e+00 -2.024819662677884224e+01 -5.600313795682912321e+00
-5.667250539619787197e+00 1.495611065248862115e+00 1.547216274845889394e+01
-8.528256557187910758e+00 -1.630837125412181265e+01 6.849932487661583025e+00
-9.396101023426433052e-01 -8.649033148686541494e+00 1.202404593651846731e+01
-1.498327784345315195e+01 -1.119149203927005409e+01 1.365672275448057782e+01
-1.285628886376055213e+01 -9.682243957041729132e+00 2.016141186109912908e+01
9.348551686297287944e+00 -1.607323447976471797e+01 -1.529493278962414049e+00
7.341756596925910650e+00 -1.316035310551519188e+01 -2.165908803985943099e+00
1.325170021884044935e+01 -2.424926314001135452e+01 3.247690422340993033e-01
-4.755694179627257157e+00 -9.576801708390426882e+00 1.692617503548897417e+01
-1.659152203825571048e+00 -1.449721489729447699e+00 1.486730046350915124e+01
-5.446719254286121803e+00 -1.475279385621931727e+00 1.771334789499646334e+01
-4.559749258906943825e-01 1.695468777769839480e-02 1.677411705596306035e+01
-1.643543514485831025e+01 -6.772772400978920082e+00 1.036434342075355630e+01
-1.504671343504912961e+01 -5.884054517147006003e+00 8.071110900471067495e+00
-1.320963431559671442e+00 -1.251765279346050086e+01 1.243693511856481138e+01
4.578402318351303180e+00 2.924204137525378666e+00 5.851380881202319806e+00
3.344059959123665049e+00 1.366176732691750217e+01 -8.982076083656169274e+00
-7.045859673945259694e+00 -9.989332916490766934e+00 1.936847886381202244e+01
-1.116930947177635414e+00 1.334858260349750481e+01 1.233355003478973089e+01
-1.687138108976055095e+00 1.194031693807785466e+01 1.480531413299603294e+01
1.592577869536858159e+01 -2.802701227210404600e+00 -1.117286144310893725e+01
1.986240297913921893e+01 7.970353668000168534e-01 -1.278860908196596213e+01
2.127925647823441224e+01 -5.460178196209557466e-01 -1.465471505766561577e+01
9.604054415582361059e+00 1.522405277781057187e+01 -1.815278435198152707e+01
2.309323376215485624e+01 1.362949768709355913e+00 -1.278621955284195444e+01
-1.628329199629619417e+00 2.129982205881131208e+01 -1.806485969690083904e+00
1.499579698426675378e+01 -1.264830821255760718e+01 5.279300717324092673e+00
1.454073106554349692e+01 7.573753346234067152e+00 6.893609279476813789e+00
1.648733805161133859e+01 1.147362510376213329e+01 7.317969218384096308e+00
9.053967765659761469e+00 3.979634314865305722e+00 1.217236924609650117e+01
1.265288006343759974e+01 -3.840122610497008981e+00 -2.420811774731392418e+00
1.402007187892674978e+00 2.036553858963867825e+01 8.998937928077101134e+00
-5.467866938737277138e+00 1.097561098217334319e+01 1.824668701046238084e+01
-7.618797572440954013e+00 -1.920498248836683430e+01 -6.165262391705907952e+00
1.196452407225676495e+01 6.878352594238394069e+00 -4.917852147857557199e+00
1.784025536048024563e+01 -1.688833305397453799e+00 -6.661066759147705518e+00
3.394706135955775750e+00 1.620523827932888850e+01 6.163299392071033722e+00
1.115556689416675518e+00 1.539463503248659570e+01 3.974637011544433829e+00
1.133069098481709247e+01 1.472131693602028157e+01 1.051681032843527497e+01
3.705310642763741669e+00 7.319277183914421947e+00 9.944040083318839152e+00
1.648265888456764472e+01 -1.205205157893821877e+01 -5.398067597816828211e+00
1.102482532362111201e+01 -4.832290723205763250e+00 -9.534239228781563824e+00
-5.313367796780161356e+00 1.247148286468630118e+01 1.470824467974217242e+01
-1.436873704891800330e+00 1.440651230051000198e+01 1.733817054316592632e+01
-5.726355840234321981e+00 2.098453383834232255e+01 4.284005676058541212e+00
1.617869786419137768e+01 3.347889692244250259e+00 -1.187673804026434787e+01
-2.601851247258936795e+00 2.003950831694198342e+01 5.502855650007262511e+00
-4.534200759108910184e+00 -8.665899337569889838e+00 -1.353482111453632086e+01
-5.704476053473150898e+00 1.400880310843581711e+01 6.255844259663522422e+00
1.147422878738585617e+01 3.812803508495231863e+00 -1.195258690018325431e+01
-1.841147758304545690e+00 1.461396291471395870e+01 6.273334738710534708e+00
-9.197768334203011875e+00 1.370328536118998919e+01 1.426647949788257286e+01
-2.197995204029861682e+01 -2.624145213794431886e+00 7.054382662480409572e+00
-1.035619696009140611e+01 1.186553371963464798e+01 1.242966051615830736e+01
-3.585905077004932995e+00 2.523871427159063074e+01 -9.685870758771208955e-01
2.074815466646755269e+01 3.917715849914957804e+00 -1.077396531398761503e+01
-3.887540571267786405e+00 2.486585134532424846e+01 1.987433034836148860e+00
3.666770480164484702e+00 -1.343870520225449283e+00 -1.660495590307916824e+00
2.106483419267890511e+01 5.921414781681568762e+00 1.454524618162252381e+01
1.396405094024081706e+01 8.676637742116014351e+00 1.454723652927223654e+01
